# title "warship"
# by "Nonogrammer"
# copyright "&copy; Copyright P.R.H.Ainsworth November 2001"
# http://www.lancaster.ac.uk/~simpsons/nonogram/examples/Warship.non
#
# See the file format in hello.txt


[clues]
columns =
    2
    4
    8
    2 13
    2 17
    2 18
    2 19
    2 19
    2 19
    1 2 19
    2 2 19
    2 2 19
    2 2 19
    2 2 19
    2 2 19
    2 2 18
    2 26 1
    2 9 17 1
    2 10 17 1
    2 10 16 2
    2 9 17 2
    2 9 17 2
    2 3 3 16 3
    13 16 2
    13 15 1
    12 16 2 1
    12 15 2 1
    12 15 1 2
    11 15 2 3
    11 15 1 3
    11 14 2 4
    1 3 20 14 1 3
    1 1 2 23 13 1 4
    1 1 1 21 14 2 4
    1 1 5 2 22 13 3 3 1
    1 1 5 4 5 13 13 2 3 1
    1 1 5 2 5 13 12 2 3 1
    31 1 6 13 12 3 3 2
    1 15 1 6 13 12 3 2 2
    1 29 13 12 3 2 3
    1 5 32 13 3 2 3
    1 42 13 2 3 3
    1 29 12 13 2 3 3
    29 12 14 1 3 3
    2 17 10 12 4 8 3 2
    1 2 17 10 12 3 8 4 1
    1 2 17 10 12 3 2 9 4 1
    1 2 17 23 3 2 10 3
    1 2 6 8 22 3 2 11 3
    1 2 11 19 11 4 2 11 3
    38 19 11 4 2 13 1
    38 19 11 25
    1 2 11 7 10 12 1 1 3
    1 2 12 8 10 12 1 1 5
    1 2 17 23 1 1 7
    1 2 17 24 1 1 7
    1 2 17 10 13 1 1 8
    2 17 10 13 1 1 3 5
    29 13 4 3 4
    29 14 2 4 4
    5 19 14 1 2 4
    29 14 1 1 3
    44 2 2 2
    5 20 2 3 1
    5 5 14 2 2 2
    5 5 15 3 2 1
    5 5 15 3 3 1
    5 5 15 6 1
    5 15 3 3
    21 3 3
    21 3 3
    22 2 2
    2 17 2 2
    2 2 13 3 1
    1 2 13 2 1
    2 2 13 2 1
    2 1 6 5 4
    1 2 14 4
    1 14 4
    14 2
    14 2
    14 3
    14 2
    14 2
    15 2
    15 2
    15 2
    5 2 1 1
    2 1 2 1 1
    2 1 2 1 1
    2 1 2 1 1
    2 1 2 2 1
    2 1 2 2 1
    1 2 1 1
    1 2 1 1
    2 1 4
    2 1 4
    2 2 5
    2 2 5
    3


rows =
    2
    2
    2
    2
    12
    2
    2
    2
    2
    2
    2
    2
    2
    2
    2
    2
    14
    14
    1 2
    1 2
    1 2
    1 2
    11 2
    1 2
    1 2
    1 2
    1 2
    1 5
    1 5
    1 5
    1 5
    1 5
    1 5
    1 24
    32
    26
    26
    26
    3 8 7 2
    3 7 6 2
    3 7 6 2
    3 7 6 2
    3 8 7 2
    26
    34
    34
    34
    34
    34
    24
    5 3 5
    3 5 3 5
    2 2 24
    1 1 24
    2 29
    5 24 2
    3 26 2
    41 3
    43 2
    42 3
    41 2
    41 2
    4 2 2 2 2 5
    42
    42
    42
    64
    86
    83
    65
    75
    71
    60 10
    6 53 10
    6 25 24 10
    19 17 3 44
    30 12 40
    12 19 22
    9 24 16
    4 20 8 11
    5 24 6 2 3
    38 6 2 6
    45 8 8
    52 3
    51 1
    51 2
    50 1
    50 1
    50 1
    34 9 2
    31 6 7 7 1
    29 10 6 3 5 1
    27 8 5 5 3 1
    25 5 5 4 10 5 2
    23 3 11 2 3 3 5 1
    20 3 16 2 8 11 1
    18 2 8 4 1 9 3 7 2
    15 4 8 5 4 12 5 9 1
    11 5 7 8 2 14 5 11 1
    7 7 6 13 9 15 15
