# Hard puzzle from the great diary http://www.iwriteiam.nl/D0601.html#3
#
# source: http://www.hd41117.com/nonograms/fransfaase/


[clues]
columns =
    1 12
    8 1 7
    3 5 4 2
    3 12 3 2
    2 1 3 1 6 4 3
    2 4 1 1 1 8 7
    1 5 1 1 1 1 2 5 4 4
    2 2 1 4 1 4 3 3
    1 7 1 1 1 1 2 1 7 3
    6 3 2 2 3 2 7
    6 3 1 3 2 1 1
    1 4 3 1 1 2 6
    2 1 2 4 2 1 2 1 2 2
    4 2 1 1 2 6 1
    3 4 2 1 5 2
    1 5 1 1 1 1 4 2
    2 1 1 1 1 1 4 2
    4 1 1 2 1 1 4
    2 6 1 1 1 4
    7 1 2 2
    6 1 1 6
    4 3 1 2 2
    3 5 2 2
    7 3 2
    6 1 1 1 2
    2 3 2 1 1 1 2 1
    1 1 3 1 2 1 1
    9 1 1 2 1 3 2
    2 5 1 1 1 3 2 1 2 1 2
    7 2 1 1 1 3 1 7
    7 2 1 1 2 2 1 2 1 1 1 1 2 1 3 4
    1 6 2 1 1 4 2 1 1 1 3
    1 7 1 2 1 1 2 1 1 1 1 1 2
    2 5 1 1 1 2 3 2 1 2 3 2 3 3
    8 1 1 4 4 1 1 2 2 6 1 1 4 2
    9 3 4 2 1 1 2 2 2 5 1 1 1 1 2 4
    2 5 1 1 2 3 2 3 1 1 2 2 1 2 4
    10 1 2 3 2 1 2 2 6 2
    2 3 2 1 3 1 2 1 1 1 1 1 2 2 2 1 4
    1 4 1 1 4 1 1 3 1 1 1 1 1 2 1 3
    2 2 3 1 3 2 1 1 2 2 2
    1 2 2 1 2 1 3 3
    2 3 1 2 1 1 1 2 4
    4 2 1 1 2 1 2
    1 4 2
    1 1 1 1
    4 2
    4 1 1 1 2 1 1
    3 1 3 3 2 1
    1 1 4 2 3 1 3
    1 1 1 1 2 1 1 1 1
    2 2 1 1 1
    1 1 1 1 1
    2 1 1 1
    2 2 1 1 1 1
    1 2 1 1 1
    1 1 1 1 1 1
    2 1 1 1 3 3 3 1 1 1
    1 4 1 3 8 1 1 1
    1 3 1 2 1
    1 2 1 1 1 1 1 1
    1 1 1 1 2 1 1 3
    2 1 2 1 1 2 1 3
    1 2 1 1 2
    2 1 1 1 1
    1 1 1 1 1 1 1 1
    1 2 1 1
    1 1 1 1 1 1 2
    2 1 1 1 1
    2 1 1 1
    2 1 1 1 1 1 1 1 1 2
    2 1 2 1 1 1 1 1 1 1 1 2 2
    1 2 1 1 2 2 1 1 3 3 2 1 2
    2 2 1 2 2 1 9 2 2 10
    1 1 1 7 10 2 5 3 2
    1 1 2 2 1 13 4 1 3 1
    1 1 1 1 1 1 1 2 1 1 7 1 5 1 1
    1 1 1 5 4 1 1 2 5 4 1
    1 15 1 2 5 1 2
    1 2 1 2 5 8 1 2 5 2
    1 1 3 1 3 1 1 9 3 2
    1 1 1 1 9 2 1 3 1 2 1 1
    1 1 1 1 7 14 1 1
    1 3 14 2 2
    1 1 1 1 1 8 2 1 1 2
    1 1 1 1 2 1 1 1
    1 1 1 3 2 1 1 1 1 1 1
    1 1 1 5 1
    5 1 1 4
    1 9 1 8
    17 2 1 17
    1 49
    55 1
    3 54
    1 1 1 64 3

rows =
    1
    0
    1
    0
    1
    0
    1 5 1
    14
    6 3 1 3
    1 5 1 4 7 3 1 1 1 1
    8 16 1 3 1 1 1 3 1
    2 7 13 4 7 1 1 1
    1 1 6 15 2 1 1 3 1 2 2
    2 4 8 8 9 5 3 2
    2 1 7 3 4 1 5 2 1 1 1 2 1 3
    2 1 7 1 1 1 1 2 1 1 2 1 1 1
    5 2 2 1 1 1 4 7
    1 3 2 1 1 1 1 1 1 1 4 7
    1 1 3 1 3 2 1 1 1 6 3 1 1 1 7
    3 3 2 1 1 2 1 1 1 7
    6 1 1 1 1 1 7
    6 1 1 2 1 1 2 1 6
    5 1 1 5 1 1 1 1 1 1 1 1 6
    1 3 1 3 2 1 1 1 1 1 1 1 6
    2 1 2 2 1 6
    1 1 1 1 2 1 1 1 1 1 1 1 1 2 1 1 5
    4 1 1 1 2 1 1 1 1 1 6
    4 3 1 3 1 1 1 1 1 1 3 1 1 5
    2 1 1 1 2 1 1 1 2 1 5
    2 2 1 1 1 1 1 1 3 2 1 2 1 5
    2 1 1 1 1 1 1 2 1 1 1 1 1 1 1 5
    2 3 2 2 1 3 1 1 5 1 3 1 5
    1 1 1 1 1 1 1 1 2 1 3 3 4 1 5
    2 2 3 2 2 1 1 2 4 1 5 2 1 4
    1 2 1 1 3 4 3 1 1 1 2 8 1 5
    2 2 1 5 3 1 2 1 2 9 1 5
    2 1 2 1 1 3 1 1 1 2 1 1 6 4 2 4
    5 1 1 1 1 1 1 1 2 6 1 5
    4 2 1 2 2 1 1 1 4 2 1 2 2 4
    1 3 1 1 1 1 1 2 1 1 1 3 7 1 1 4
    8 1 1 1 1 1 2 2 1 5 2 3 1 1 4
    1 3 4 1 1 2 1 1 1 1 1 1 3 3 3 1 1 4
    2 3 1 6 3 1 13 4
    7 2 2 2 4 2 1 2 5 6 1 4
    3 4 1 1 2 1 1 1 2 5 3 2 1 4
    4 2 1 1 1 2 1 2 1 12 1 4
    10 1 1 1 1 2 1 4 1 2 1 5
    1 5 1 1 1 1 1 1 1 2 5 1 4 5
    1 2 2 1 1 1 1 2 1 1 3 2 4 1 5
    1 4 2 1 1 1 6 2 1 1 2 4 5
    2 1 2 3 1 1 1 3 1 2 3 3 5
    4 2 1 1 1 1 3 1 1 1 1 1 3 4 1 5
    3 1 1 1 2 4 3 2 1 2 1 5
    2 2 1 2 1 2 1 8 1 5
    1 4 1 2 2 2 1 1 1 1 2 1 2 1 5
    6 1 1 3 2 3 1 1 8 1 1 6
    2 1 4 1 1 2 1 2 1 1 1 2 5 6
    5 2 1 1 1 1 1 1 3 3 1 1 6
    2 2 1 1 2 1 1 2 4 1 6
    8 1 1 1 1 1 1 1 4 1 7
    2 1 3 1 1 1 1 1 4 7
    9 1 1 1 1 1 1 1 2 1 9
    1 7 2 1 1 9 1 7
    3 4 3 1 1 1 5 4
    2 2 5 1 2 2 1 1 4 4
    4 2 5 1 2 1 1 2 1 5 3
    7 1 1 5 8 2 1 1 2 3
    6 1 5 6 5 1 1 2 2 2 3
    1 4 3 1 1 2 2 1 3 2 3
    4 3 1 3 3 1 1 1 1 2 2
    1 2 3 1 2 1 1 1 1 1 1 1
    1 13 7 2 1
    1 1 14 1 1 1
    5 1
    0
    1
    1
    1
    0
    1
