# This puzzle cannot be solved by a very efficient solver
#
# source: https://github.com/CGI-LAB/Nonogram/blob/master/PuzzleCannotSolve.txt


[clues]

rows =
    3    2    2    1    1
    2    2    3    3    1
    3    1    1    1    1    1    1
    2    1    2    1
    1    1    2    3
    1    1    2    2    1    1    1
    1    4    1    2    1    1    1
    1    1    1    4    3
    2    1    1    2    1
    1    4    1    1    1    3    1    1
    3    3    1
    1    1    7    3    1
    1    1    1    1    3    1
    1    1    4    1    1    1
    1    1    1    1    1    1    1
    1    1    4    1    1    1
    1    1    2    2    4
    1    1    1    2    2    1    1    2
    1    1    1    1    3    1    1
    1    2    1    1    2    1    2
    1    1    1    1    3    2    1
    1    1    1    1    1    1
    1    1    1    3    1    2    3
    1    2    1    3    3    1
    2    1    2    2    3    1    1


columns =
    1    2    2    1    3    1    1
    1    3    1    2    1    1    1    1
    3    2    1    1    1    2    1
    3    1    1    1    1    1    1    1
    1    2    2    1    1    1
    1    2    2    1    2
    1    2    1    1    2
    1    1    1    2    1    1    1    3
    1    1    1    1    1    1
    1    1    1    1    1    2    1
    3    1    1    1    2    2    1    1
    1    1    1    1    1    1    1    1    1    1
    1    1    2    6    3
    2    1    2    3    2    2
    1    2    4    1    1    1
    2    1    1    1    1
    2    1    3    1    2
    2    3    2    1    1    2    1
    1    1    1    2    1    1    2
    1    1    1    1    1    1
    2    1    2    1    1
    1    2    3    2    2    1    2
    1    2    1    1    1    2
    1    1    2    1    2    1    1    1
    1    1    1    1    1    1    1    1
